  -nan(ind)
   0.282876
   -1.30999
  -0.878445
   -1.01932
  -0.994274
   -1.00103
  -0.986593
    -0.9653
  -0.933557
  -0.892702
  -0.842871
  -0.784633
  -0.718551
  -0.645291
  -0.565583
  -0.480224
  -0.390066
  -0.296011
  -0.198999
 -0.0999979
2.14297e-06
   0.100002
   0.199003
   0.296015
    0.39007
   0.480227
   0.565586
   0.645294
   0.718554
   0.784635
   0.842877
   0.892695
   0.933596
   0.965166
   0.987094
   0.999159
    1.00124
   0.993319
    0.97547
   0.947877
   0.910813
   0.864647
   0.809843
   0.746947
   0.676588
   0.599468
   0.516358
    0.42809
   0.335544
   0.239646
   0.141353
  0.0416473
 -0.0584742
  -0.158011
   -0.25597
  -0.351371
  -0.443261
  -0.530722
   -0.61288
  -0.688915
  -0.758066
  -0.819643
  -0.873031
  -0.917695
   -0.95319
  -0.979161
  -0.995349
   -1.00159
  -0.997826
  -0.984091
  -0.960523
  -0.927359
  -0.884928
  -0.833655
  -0.774053
  -0.706717
  -0.632319
  -0.551604
  -0.465377
    -0.3745
  -0.279882
  -0.182466
 -0.0832282
  0.0168417
   0.116743
   0.215478
   0.312061
   0.405524
    0.49494
   0.579393
   0.658118
   0.730064
   0.795379
   0.850634
   0.903912
   0.928914
   0.997422
   0.929994
     1.0583
    1.40021