-10.000000 -10.000000 0.000000
-9.000000 -10.000000 -3439.000000
-8.000000 -10.000000 -5904.000000
-7.000000 -10.000000 -7599.000000
-6.000000 -10.000000 -8704.000000
-5.000000 -10.000000 -9375.000000
-4.000000 -10.000000 -9744.000000
-3.000000 -10.000000 -9919.000000
-2.000000 -10.000000 -9984.000000
-1.000000 -10.000000 -9999.000000
0.000000 -10.000000 -10000.000000
1.000000 -10.000000 -9999.000000
2.000000 -10.000000 -9984.000000
3.000000 -10.000000 -9919.000000
4.000000 -10.000000 -9744.000000
5.000000 -10.000000 -9375.000000
6.000000 -10.000000 -8704.000000
7.000000 -10.000000 -7599.000000
8.000000 -10.000000 -5904.000000
9.000000 -10.000000 -3439.000000
10.000000 -10.000000 0.000000
-10.000000 -9.000000 3439.000000
-9.000000 -9.000000 0.000000
-8.000000 -9.000000 -2465.000000
-7.000000 -9.000000 -4160.000000
-6.000000 -9.000000 -5265.000000
-5.000000 -9.000000 -5936.000000
-4.000000 -9.000000 -6305.000000
-3.000000 -9.000000 -6480.000000
-2.000000 -9.000000 -6545.000000
-1.000000 -9.000000 -6560.000000
0.000000 -9.000000 -6561.000000
1.000000 -9.000000 -6560.000000
2.000000 -9.000000 -6545.000000
3.000000 -9.000000 -6480.000000
4.000000 -9.000000 -6305.000000
5.000000 -9.000000 -5936.000000
6.000000 -9.000000 -5265.000000
7.000000 -9.000000 -4160.000000
8.000000 -9.000000 -2465.000000
9.000000 -9.000000 0.000000
10.000000 -9.000000 3439.000000
-10.000000 -8.000000 5904.000000
-9.000000 -8.000000 2465.000000
-8.000000 -8.000000 0.000000
-7.000000 -8.000000 -1695.000000
-6.000000 -8.000000 -2800.000000
-5.000000 -8.000000 -3471.000000
-4.000000 -8.000000 -3840.000000
-3.000000 -8.000000 -4015.000000
-2.000000 -8.000000 -4080.000000
-1.000000 -8.000000 -4095.000000
0.000000 -8.000000 -4096.000000
1.000000 -8.000000 -4095.000000
2.000000 -8.000000 -4080.000000
3.000000 -8.000000 -4015.000000
4.000000 -8.000000 -3840.000000
5.000000 -8.000000 -3471.000000
6.000000 -8.000000 -2800.000000
7.000000 -8.000000 -1695.000000
8.000000 -8.000000 0.000000
9.000000 -8.000000 2465.000000
10.000000 -8.000000 5904.000000
-10.000000 -7.000000 7599.000000
-9.000000 -7.000000 4160.000000
-8.000000 -7.000000 1695.000000
-7.000000 -7.000000 0.000000
-6.000000 -7.000000 -1105.000000
-5.000000 -7.000000 -1776.000000
-4.000000 -7.000000 -2145.000000
-3.000000 -7.000000 -2320.000000
-2.000000 -7.000000 -2385.000000
-1.000000 -7.000000 -2400.000000
0.000000 -7.000000 -2401.000000
1.000000 -7.000000 -2400.000000
2.000000 -7.000000 -2385.000000
3.000000 -7.000000 -2320.000000
4.000000 -7.000000 -2145.000000
5.000000 -7.000000 -1776.000000
6.000000 -7.000000 -1105.000000
7.000000 -7.000000 0.000000
8.000000 -7.000000 1695.000000
9.000000 -7.000000 4160.000000
10.000000 -7.000000 7599.000000
-10.000000 -6.000000 8704.000000
-9.000000 -6.000000 5265.000000
-8.000000 -6.000000 2800.000000
-7.000000 -6.000000 1105.000000
-6.000000 -6.000000 0.000000
-5.000000 -6.000000 -671.000000
-4.000000 -6.000000 -1040.000000
-3.000000 -6.000000 -1215.000000
-2.000000 -6.000000 -1280.000000
-1.000000 -6.000000 -1295.000000
0.000000 -6.000000 -1296.000000
1.000000 -6.000000 -1295.000000
2.000000 -6.000000 -1280.000000
3.000000 -6.000000 -1215.000000
4.000000 -6.000000 -1040.000000
5.000000 -6.000000 -671.000000
6.000000 -6.000000 0.000000
7.000000 -6.000000 1105.000000
8.000000 -6.000000 2800.000000
9.000000 -6.000000 5265.000000
10.000000 -6.000000 8704.000000
-10.000000 -5.000000 9375.000000
-9.000000 -5.000000 5936.000000
-8.000000 -5.000000 3471.000000
-7.000000 -5.000000 1776.000000
-6.000000 -5.000000 671.000000
-5.000000 -5.000000 0.000000
-4.000000 -5.000000 -369.000000
-3.000000 -5.000000 -544.000000
-2.000000 -5.000000 -609.000000
-1.000000 -5.000000 -624.000000
0.000000 -5.000000 -625.000000
1.000000 -5.000000 -624.000000
2.000000 -5.000000 -609.000000
3.000000 -5.000000 -544.000000
4.000000 -5.000000 -369.000000
5.000000 -5.000000 0.000000
6.000000 -5.000000 671.000000
7.000000 -5.000000 1776.000000
8.000000 -5.000000 3471.000000
9.000000 -5.000000 5936.000000
10.000000 -5.000000 9375.000000
-10.000000 -4.000000 9744.000000
-9.000000 -4.000000 6305.000000
-8.000000 -4.000000 3840.000000
-7.000000 -4.000000 2145.000000
-6.000000 -4.000000 1040.000000
-5.000000 -4.000000 369.000000
-4.000000 -4.000000 0.000000
-3.000000 -4.000000 -175.000000
-2.000000 -4.000000 -240.000000
-1.000000 -4.000000 -255.000000
0.000000 -4.000000 -256.000000
1.000000 -4.000000 -255.000000
2.000000 -4.000000 -240.000000
3.000000 -4.000000 -175.000000
4.000000 -4.000000 0.000000
5.000000 -4.000000 369.000000
6.000000 -4.000000 1040.000000
7.000000 -4.000000 2145.000000
8.000000 -4.000000 3840.000000
9.000000 -4.000000 6305.000000
10.000000 -4.000000 9744.000000
-10.000000 -3.000000 9919.000000
-9.000000 -3.000000 6480.000000
-8.000000 -3.000000 4015.000000
-7.000000 -3.000000 2320.000000
-6.000000 -3.000000 1215.000000
-5.000000 -3.000000 544.000000
-4.000000 -3.000000 175.000000
-3.000000 -3.000000 0.000000
-2.000000 -3.000000 -65.000000
-1.000000 -3.000000 -80.000000
0.000000 -3.000000 -81.000000
1.000000 -3.000000 -80.000000
2.000000 -3.000000 -65.000000
3.000000 -3.000000 0.000000
4.000000 -3.000000 175.000000
5.000000 -3.000000 544.000000
6.000000 -3.000000 1215.000000
7.000000 -3.000000 2320.000000
8.000000 -3.000000 4015.000000
9.000000 -3.000000 6480.000000
10.000000 -3.000000 9919.000000
-10.000000 -2.000000 9984.000000
-9.000000 -2.000000 6545.000000
-8.000000 -2.000000 4080.000000
-7.000000 -2.000000 2385.000000
-6.000000 -2.000000 1280.000000
-5.000000 -2.000000 609.000000
-4.000000 -2.000000 240.000000
-3.000000 -2.000000 65.000000
-2.000000 -2.000000 0.000000
-1.000000 -2.000000 -15.000000
0.000000 -2.000000 -16.000000
1.000000 -2.000000 -15.000000
2.000000 -2.000000 0.000000
3.000000 -2.000000 65.000000
4.000000 -2.000000 240.000000
5.000000 -2.000000 609.000000
6.000000 -2.000000 1280.000000
7.000000 -2.000000 2385.000000
8.000000 -2.000000 4080.000000
9.000000 -2.000000 6545.000000
10.000000 -2.000000 9984.000000
-10.000000 -1.000000 9999.000000
-9.000000 -1.000000 6560.000000
-8.000000 -1.000000 4095.000000
-7.000000 -1.000000 2400.000000
-6.000000 -1.000000 1295.000000
-5.000000 -1.000000 624.000000
-4.000000 -1.000000 255.000000
-3.000000 -1.000000 80.000000
-2.000000 -1.000000 15.000000
-1.000000 -1.000000 0.000000
0.000000 -1.000000 -1.000000
1.000000 -1.000000 0.000000
2.000000 -1.000000 15.000000
3.000000 -1.000000 80.000000
4.000000 -1.000000 255.000000
5.000000 -1.000000 624.000000
6.000000 -1.000000 1295.000000
7.000000 -1.000000 2400.000000
8.000000 -1.000000 4095.000000
9.000000 -1.000000 6560.000000
10.000000 -1.000000 9999.000000
-10.000000 0.000000 10000.000000
-9.000000 0.000000 6561.000000
-8.000000 0.000000 4096.000000
-7.000000 0.000000 2401.000000
-6.000000 0.000000 1296.000000
-5.000000 0.000000 625.000000
-4.000000 0.000000 256.000000
-3.000000 0.000000 81.000000
-2.000000 0.000000 16.000000
-1.000000 0.000000 1.000000
0.000000 0.000000 0.000000
1.000000 0.000000 1.000000
2.000000 0.000000 16.000000
3.000000 0.000000 81.000000
4.000000 0.000000 256.000000
5.000000 0.000000 625.000000
6.000000 0.000000 1296.000000
7.000000 0.000000 2401.000000
8.000000 0.000000 4096.000000
9.000000 0.000000 6561.000000
10.000000 0.000000 10000.000000
-10.000000 1.000000 9999.000000
-9.000000 1.000000 6560.000000
-8.000000 1.000000 4095.000000
-7.000000 1.000000 2400.000000
-6.000000 1.000000 1295.000000
-5.000000 1.000000 624.000000
-4.000000 1.000000 255.000000
-3.000000 1.000000 80.000000
-2.000000 1.000000 15.000000
-1.000000 1.000000 0.000000
0.000000 1.000000 -1.000000
1.000000 1.000000 0.000000
2.000000 1.000000 15.000000
3.000000 1.000000 80.000000
4.000000 1.000000 255.000000
5.000000 1.000000 624.000000
6.000000 1.000000 1295.000000
7.000000 1.000000 2400.000000
8.000000 1.000000 4095.000000
9.000000 1.000000 6560.000000
10.000000 1.000000 9999.000000
-10.000000 2.000000 9984.000000
-9.000000 2.000000 6545.000000
-8.000000 2.000000 4080.000000
-7.000000 2.000000 2385.000000
-6.000000 2.000000 1280.000000
-5.000000 2.000000 609.000000
-4.000000 2.000000 240.000000
-3.000000 2.000000 65.000000
-2.000000 2.000000 0.000000
-1.000000 2.000000 -15.000000
0.000000 2.000000 -16.000000
1.000000 2.000000 -15.000000
2.000000 2.000000 0.000000
3.000000 2.000000 65.000000
4.000000 2.000000 240.000000
5.000000 2.000000 609.000000
6.000000 2.000000 1280.000000
7.000000 2.000000 2385.000000
8.000000 2.000000 4080.000000
9.000000 2.000000 6545.000000
10.000000 2.000000 9984.000000
-10.000000 3.000000 9919.000000
-9.000000 3.000000 6480.000000
-8.000000 3.000000 4015.000000
-7.000000 3.000000 2320.000000
-6.000000 3.000000 1215.000000
-5.000000 3.000000 544.000000
-4.000000 3.000000 175.000000
-3.000000 3.000000 0.000000
-2.000000 3.000000 -65.000000
-1.000000 3.000000 -80.000000
0.000000 3.000000 -81.000000
1.000000 3.000000 -80.000000
2.000000 3.000000 -65.000000
3.000000 3.000000 0.000000
4.000000 3.000000 175.000000
5.000000 3.000000 544.000000
6.000000 3.000000 1215.000000
7.000000 3.000000 2320.000000
8.000000 3.000000 4015.000000
9.000000 3.000000 6480.000000
10.000000 3.000000 9919.000000
-10.000000 4.000000 9744.000000
-9.000000 4.000000 6305.000000
-8.000000 4.000000 3840.000000
-7.000000 4.000000 2145.000000
-6.000000 4.000000 1040.000000
-5.000000 4.000000 369.000000
-4.000000 4.000000 0.000000
-3.000000 4.000000 -175.000000
-2.000000 4.000000 -240.000000
-1.000000 4.000000 -255.000000
0.000000 4.000000 -256.000000
1.000000 4.000000 -255.000000
2.000000 4.000000 -240.000000
3.000000 4.000000 -175.000000
4.000000 4.000000 0.000000
5.000000 4.000000 369.000000
6.000000 4.000000 1040.000000
7.000000 4.000000 2145.000000
8.000000 4.000000 3840.000000
9.000000 4.000000 6305.000000
10.000000 4.000000 9744.000000
-10.000000 5.000000 9375.000000
-9.000000 5.000000 5936.000000
-8.000000 5.000000 3471.000000
-7.000000 5.000000 1776.000000
-6.000000 5.000000 671.000000
-5.000000 5.000000 0.000000
-4.000000 5.000000 -369.000000
-3.000000 5.000000 -544.000000
-2.000000 5.000000 -609.000000
-1.000000 5.000000 -624.000000
0.000000 5.000000 -625.000000
1.000000 5.000000 -624.000000
2.000000 5.000000 -609.000000
3.000000 5.000000 -544.000000
4.000000 5.000000 -369.000000
5.000000 5.000000 0.000000
6.000000 5.000000 671.000000
7.000000 5.000000 1776.000000
8.000000 5.000000 3471.000000
9.000000 5.000000 5936.000000
10.000000 5.000000 9375.000000
-10.000000 6.000000 8704.000000
-9.000000 6.000000 5265.000000
-8.000000 6.000000 2800.000000
-7.000000 6.000000 1105.000000
-6.000000 6.000000 0.000000
-5.000000 6.000000 -671.000000
-4.000000 6.000000 -1040.000000
-3.000000 6.000000 -1215.000000
-2.000000 6.000000 -1280.000000
-1.000000 6.000000 -1295.000000
0.000000 6.000000 -1296.000000
1.000000 6.000000 -1295.000000
2.000000 6.000000 -1280.000000
3.000000 6.000000 -1215.000000
4.000000 6.000000 -1040.000000
5.000000 6.000000 -671.000000
6.000000 6.000000 0.000000
7.000000 6.000000 1105.000000
8.000000 6.000000 2800.000000
9.000000 6.000000 5265.000000
10.000000 6.000000 8704.000000
-10.000000 7.000000 7599.000000
-9.000000 7.000000 4160.000000
-8.000000 7.000000 1695.000000
-7.000000 7.000000 0.000000
-6.000000 7.000000 -1105.000000
-5.000000 7.000000 -1776.000000
-4.000000 7.000000 -2145.000000
-3.000000 7.000000 -2320.000000
-2.000000 7.000000 -2385.000000
-1.000000 7.000000 -2400.000000
0.000000 7.000000 -2401.000000
1.000000 7.000000 -2400.000000
2.000000 7.000000 -2385.000000
3.000000 7.000000 -2320.000000
4.000000 7.000000 -2145.000000
5.000000 7.000000 -1776.000000
6.000000 7.000000 -1105.000000
7.000000 7.000000 0.000000
8.000000 7.000000 1695.000000
9.000000 7.000000 4160.000000
10.000000 7.000000 7599.000000
-10.000000 8.000000 5904.000000
-9.000000 8.000000 2465.000000
-8.000000 8.000000 0.000000
-7.000000 8.000000 -1695.000000
-6.000000 8.000000 -2800.000000
-5.000000 8.000000 -3471.000000
-4.000000 8.000000 -3840.000000
-3.000000 8.000000 -4015.000000
-2.000000 8.000000 -4080.000000
-1.000000 8.000000 -4095.000000
0.000000 8.000000 -4096.000000
1.000000 8.000000 -4095.000000
2.000000 8.000000 -4080.000000
3.000000 8.000000 -4015.000000
4.000000 8.000000 -3840.000000
5.000000 8.000000 -3471.000000
6.000000 8.000000 -2800.000000
7.000000 8.000000 -1695.000000
8.000000 8.000000 0.000000
9.000000 8.000000 2465.000000
10.000000 8.000000 5904.000000
-10.000000 9.000000 3439.000000
-9.000000 9.000000 0.000000
-8.000000 9.000000 -2465.000000
-7.000000 9.000000 -4160.000000
-6.000000 9.000000 -5265.000000
-5.000000 9.000000 -5936.000000
-4.000000 9.000000 -6305.000000
-3.000000 9.000000 -6480.000000
-2.000000 9.000000 -6545.000000
-1.000000 9.000000 -6560.000000
0.000000 9.000000 -6561.000000
1.000000 9.000000 -6560.000000
2.000000 9.000000 -6545.000000
3.000000 9.000000 -6480.000000
4.000000 9.000000 -6305.000000
5.000000 9.000000 -5936.000000
6.000000 9.000000 -5265.000000
7.000000 9.000000 -4160.000000
8.000000 9.000000 -2465.000000
9.000000 9.000000 0.000000
10.000000 9.000000 3439.000000
-10.000000 10.000000 0.000000
-9.000000 10.000000 -3439.000000
-8.000000 10.000000 -5904.000000
-7.000000 10.000000 -7599.000000
-6.000000 10.000000 -8704.000000
-5.000000 10.000000 -9375.000000
-4.000000 10.000000 -9744.000000
-3.000000 10.000000 -9919.000000
-2.000000 10.000000 -9984.000000
-1.000000 10.000000 -9999.000000
0.000000 10.000000 -10000.000000
1.000000 10.000000 -9999.000000
2.000000 10.000000 -9984.000000
3.000000 10.000000 -9919.000000
4.000000 10.000000 -9744.000000
5.000000 10.000000 -9375.000000
6.000000 10.000000 -8704.000000
7.000000 10.000000 -7599.000000
8.000000 10.000000 -5904.000000
9.000000 10.000000 -3439.000000
10.000000 10.000000 0.000000
